AFFX-BioB-5_at AFFX-BioB-M_at AFFX-BioB-3_at AFFX-BioC-5_at AFFX-BioC-3_at AFFX-BioDn-5_at AFFX-BioDn-3_at AFFX-CreX-5_at AFFX-CreX-3_at AFFX-BioB-5_st AFFX-BioB-M_st AFFX-BioB-3_st AFFX-BioC-5_st AFFX-BioC-3_st AFFX-BioDn-5_st AFFX-BioDn-3_st AFFX-CreX-5_st AFFX-CreX-3_st hum_alu_at AFFX-DapX-5_at AFFX-DapX-M_at AFFX-DapX-3_at AFFX-LysX-5_at AFFX-LysX-M_at AFFX-LysX-3_at AFFX-PheX-5_at AFFX-PheX-M_at AFFX-PheX-3_at AFFX-ThrX-5_at AFFX-ThrX-M_at AFFX-ThrX-3_at AFFX-TrpnX-5_at AFFX-TrpnX-M_at AFFX-TrpnX-3_at AFFX-HUMISGF3A_M97935_5_at AFFX-HUMISGF3A_M97935_MA_at AFFX-HUMISGF3A_M97935_MB_at AFFX-HUMISGF3A_M97935_3_at AFFX-HUMRGE_M10098_5_at AFFX-HUMRGE_M10098_M_at AFFX-HUMRGE_M10098_3_at AFFX-HUMGAPDH_M33197_5_at AFFX-HUMGAPDH_M33197_M_at AFFX-HUMGAPDH_M33197_3_at AFFX-HSAC07_X00351_5_at AFFX-HSAC07_X00351_M_at AFFX-HSAC07_X00351_3_at AFFX-HUMTFRR_M11507_5_at AFFX-HUMTFRR_M11507_M_at AFFX-HUMTFRR_M11507_3_at AFFX-M27830_5_at AFFX-M27830_M_at AFFX-M27830_3_at AFFX-HSAC07_X00351_3_st AFFX-HUMGAPDH_M33197_5_st AFFX-HUMGAPDH_M33197_M_st AFFX-HUMGAPDH_M33197_3_st AFFX-HSAC07_X00351_5_st AFFX-HSAC07_X00351_M_st A28102_at AB000114_at AB000115_at AB000220_at AB000409_at AB000449_at AB000450_at AB000460_at AB000462_at AB000464_at AB000466_at AB000467_at AB000468_at AB000584_at AB000895_at AB000896_at AB000897_at AB000905_at AB001106_at AB001325_at AB002314_at AB002315_at AB002318_at AB002365_at AB002366_at AB002380_at AB002382_at AB002409_at AB002559_at AB003102_at AB003103_at AB003177_at AB003698_at AB004884_at AB006190_at AC000061_cds2_at AC000061_cds3_at AC000062_at AC000064_cds1_at AC000064_cds2_at AC000066_at CLASS 
-60 -109 45 22 7 -61 -211 -102 -20 98 -46 -257 9 -37 74 95 -28 -151 16690 -19 83 2 19 -41 -13 -5 -89 10 -85 -35 -116 -82 -287 -164 -122 -31 149 409 -61 -207 -134 16680 15249 16770 15142 21050 14549 107 -19 96 1696 5328 -282 373 -185 164 114 -35 131 212 3 91 633 23 -5 143 956 16 312 -299 -61 583 1983 -274 31 -6 34 175 237 50 93 673 188 15 324 1271 126 887 1238 90 319 95 325 308 279 -24 -3 337 105 40 1 
-159 -113 -62 -16 -160 -395 97 -157 15 -8 -357 -321 -511 -221 63 447 177 -48 22266 -700 -804 -51 -18 -100 -181 -110 -147 35 -70 -130 -365 -160 -4468 -3417 -3709 -4218 -31 420 1820 85 430 1050 1629 12616 605 2767 24762 170 -67 176 965 2366 740 1414 15 340 605 -291 378 117 -73 524 236 18 174 261 1825 269 1057 -695 -625 217 -224 -425 -5 -58 378 802 1324 129 134 372 31 -80 288 760 -108 326 548 211 345 283 574 682 484 -112 -33 147 38 -90 1 
-119 -31 4 -11 -197 -541 -277 -166 17 392 153 -465 -479 11 -113 -82 -119 -230 36398 -8 -39 -51 -19 17 66 -155 -168 113 -102 -82 -153 -13 -428 -153 -348 -179 144 248 1280 1071 665 15019 22192 29729 18412 26632 16586 70 -44 153 2502 9799 -11 1450 82 235 346 79 530 366 -39 153 93 -188 93 86 1411 -70 339 -723 -687 321 68 -876 106 -33 48 1060 834 70 104 208 -86 -48 106 394 -168 887 612 374 204 199 614 512 354 39 -26 394 55 37 1 
41 9 -256 370 -302 -680 254 31 186 358 46 11 -293 -72 -317 114 -112 -248 28273 145 254 -39 89 -233 -100 22 -1 9 0 -82 -614 -7 -665 -241 -330 -237 -233 214 -183 -639 -170 9938 10329 20654 10990 16462 12198 306 -5 302 407 2757 157 585 -171 134 304 304 549 628 237 128 121 -42 112 439 2405 149 757 -745 -893 -166 437 -1792 -177 142 74 117 213 100 -362 166 -155 -239 93 403 -291 571 205 117 147 42 -59 730 370 218 211 871 381 295 1 
-165 -57 171 216 -692 -381 762 -6 44 216 -279 -908 -508 -285 127 209 -324 -209 119388 -127 285 50 88 -476 324 -127 -254 -76 -152 -158 -362 -44 -1575 -476 -527 -330 349 1734 1042 336 279 10561 12848 17881 28328 36049 25201 38 -57 88 3812 13217 1023 3787 743 273 533 241 1061 273 177 165 1004 -393 88 -6 1201 12 1258 -1442 -4473 552 -362 610 -241 -19 203 451 1048 190 190 705 222 -1092 756 711 -44 1283 1143 368 546 432 305 324 -1690 -292 -101 444 171 38 1 
-66 -123 57 -84 -129 -100 73 -147 27 10 73 -334 -84 86 121 118 -78 -79 25787 36 0 -55 50 36 27 -15 -50 -53 -43 -40 -34 42 -439 -245 -365 -92 50 349 -68 -343 -78 18371 20279 21164 23022 27319 17746 160 76 388 134 822 -43 337 -23 86 143 -40 139 43 36 -7 57 -118 78 36 698 50 173 -194 -713 785 320 -276 -14 -56 33 126 379 49 40 274 31 68 97 503 -117 250 516 168 166 198 149 89 262 -8 82 359 53 -14 1 
-28 -42 -142 113 -315 -399 352 -248 104 195 93 -397 -204 -24 84 -64 42 -179 39800 4 199 -44 51 91 -44 46 -24 -28 77 -11 -115 -53 -534 -279 -259 -159 19 184 -130 -366 -157 18678 26603 28443 24101 34839 25577 128 -75 128 -77 313 -68 233 -62 106 139 -122 68 142 99 133 202 -155 -26 137 1209 -35 295 -645 -357 466 -79 -481 -71 -28 86 206 530 84 99 381 -115 119 257 537 -186 372 466 539 139 91 521 197 182 -110 -66 410 44 -106 1 
-6 238 110 -103 -311 -358 -40 -258 -23 244 167 -892 -821 -137 -674 -540 70 -174 55164 -144 -134 -291 -130 -144 -97 -140 -325 30 127 -43 -597 -77 -966 -389 -506 -238 -73 446 -20 -469 -127 14985 13844 29913 31235 43278 27126 30 -43 228 627 3837 -228 2267 90 570 573 734 1479 1556 -6 107 70 -13 -187 40 2167 -114 989 -1962 -1086 466 201 -2230 288 20 10 174 1569 301 174 979 36 3 -23 593 -281 1133 667 402 506 318 1244 677 798 -184 -87 664 10 -26 1 
-106 -169 -39 170 -113 -286 -478 -86 -70 -113 -66 -316 -618 -193 44 99 -115 -166 13357 -264 -81 -3 25 -154 2 -100 -168 -15 -48 -85 -305 -15 -1325 -812 -981 -512 130 828 896 494 887 15118 11607 15449 15765 18524 14665 367 113 389 1401 3554 360 3056 455 473 762 243 848 218 133 231 213 227 89 145 1455 39 251 -565 -671 428 25 5 162 55 131 415 625 50 192 1057 82 -40 225 1110 -64 477 370 237 669 389 1377 826 394 -110 -3 502 79 20 1 
-60 -90 25 30 -48 -156 62 -74 33 85 -78 -95 -174 371 48 73 -2 -83 18244 -10 22 19 39 -59 24 -46 -75 -45 24 -58 -76 -31 -280 -194 -210 -193 47 174 44 -12 -17 11909 14255 15371 7740 11741 7601 69 -9 157 93 1252 135 712 -34 91 -11 -142 62 82 -18 36 151 0 17 100 595 -8 1 -213 -236 40 1 -132 -132 -16 81 168 266 -19 73 166 55 64 18 235 24 257 137 45 152 37 221 102 27 -74 -72 131 32 20 1 
-26 -27 143 -92 -198 -361 -347 -142 57 343 134 -338 -335 -86 -54 -74 -12 -174 15657 -18 172 11 -12 -37 -29 -51 -172 81 -85 -88 -179 -61 -340 -212 -197 -198 8 166 -88 -208 -99 13314 12015 16397 15171 19821 13308 167 -11 54 198 1580 188 1354 -42 245 483 92 794 153 -39 56 38 -9 57 45 1240 -194 206 -882 -713 508 -4 -620 123 -75 48 269 406 10 141 636 75 -39 71 525 -41 769 247 99 134 154 388 210 565 -44 -2 533 93 -10 1 
-109 -80 -97 104 -77 -233 -32 -142 -103 263 6 -358 -362 -175 -17 140 -57 -102 9710 -351 37 -30 -17 -121 -34 -111 -99 84 -27 -53 -154 -58 -365 -208 -228 -186 107 342 107 152 494 15373 11845 12808 14071 16753 13791 301 144 491 9932 5859 633 1478 223 335 357 2 461 194 -1 112 121 2 93 118 951 79 265 -400 -200 724 120 -195 -41 -6 30 890 408 18 194 379 73 -11 98 767 32 351 695 346 468 241 1166 556 197 -33 6 440 110 2 1 
-111 -63 125 42 -167 -226 447 -133 133 394 47 -863 -258 -10 -101 178 -77 -191 50937 181 98 -130 -53 31 -21 31 -130 125 -138 -125 -351 -90 -498 -325 -362 -95 -15 860 98 -183 85 5317 6311 8823 17463 20209 7185 130 -15 74 87 769 -111 847 -39 127 -5 354 602 98 53 15 111 -39 58 50 980 -42 138 -482 -1342 170 -31 -450 -15 -55 34 186 567 26 162 519 55 2 396 348 -138 1009 532 234 508 173 527 333 210 -2 -125 322 26 101 1 
-290 -181 89 264 -130 -365 99 -157 -238 -205 -344 -441 -506 -200 -254 81 -27 -214 6839 -2820 -1202 -143 6 -129 49 -285 -272 107 -40 -80 -254 -266 -5588 -5386 -5735 -3852 318 1035 -298 -251 -462 19909 12776 14639 13614 14286 14306 601 6 366 -204 575 1075 572 -133 142 704 -184 624 196 6 153 1198 90 -6 -33 2144 -111 867 -739 -223 1540 -151 -408 122 208 128 1564 1197 4 1065 1316 394 99 584 1653 -22 415 1591 1713 973 877 3458 1149 170 -106 -36 1537 396 68 1 
21 -50 102 68 -143 -220 98 -71 -6 41 1 -185 -135 -74 -72 82 -33 -195 19842 -34 63 1 43 -71 45 -56 -115 76 -43 -47 -184 -49 -480 -261 -279 -177 84 519 1427 1027 2491 13458 12675 17309 14712 14913 15983 180 97 231 1650 3804 519 1535 57 322 407 -18 461 134 5 209 34 153 41 47 1099 -40 168 -197 -437 548 120 -269 88 60 72 674 472 86 117 882 477 120 256 726 6 235 361 339 324 289 891 504 277 -35 17 527 153 13 1 
-38 3 53 -49 -130 -90 103 -29 -4 -92 -15 -236 -55 -55 -104 135 -24 -178 28159 -50 120 -16 26 -12 41 -41 -103 -63 0 -18 -149 -29 -300 -212 -161 -130 101 152 -155 -235 -144 12246 18405 19234 12735 18060 8321 52 12 224 87 95 83 158 -49 89 1 -113 144 161 76 70 50 -118 103 29 818 15 207 -166 -315 341 69 -49 47 95 66 389 320 150 90 189 33 16 130 707 78 350 232 172 170 66 363 266 315 -64 9 495 70 0 1 
-50 -36 63 -4 -65 -355 320 -63 50 0 -63 -261 -209 -77 -154 -31 45 -94 12886 -112 31 -66 -2 -166 11 -57 -84 -80 18 2 -232 -21 -539 -268 -278 -164 140 485 324 127 545 16161 10757 15202 15267 18185 13678 270 92 326 738 4979 307 1016 -72 216 405 34 631 188 0 196 176 6 138 65 1343 0 172 -427 -165 1200 95 -830 -111 165 63 1160 603 63 259 932 50 99 194 691 -81 331 469 275 380 201 821 604 289 -133 9 891 138 18 1 
0 -49 -95 225 -277 -320 337 23 -69 479 14 -545 -407 34 -66 158 -72 -141 55459 51 112 -40 -14 -129 -23 -202 -147 -167 2 -106 -196 -20 -1210 -678 -736 -675 173 392 -101 -254 -349 16120 8890 7723 8908 14757 16354 173 8 25 2 823 571 826 -248 75 190 -450 173 361 -37 75 112 -161 43 8 1695 8 375 -1187 -1346 459 -46 236 -80 57 150 687 996 132 190 571 23 103 219 886 213 467 592 216 583 196 1334 612 291 -54 -20 667 158 -34 1 
-87 -135 -178 5 -294 -403 -621 -127 -12 44 -154 -360 -532 -313 -124 217 96 -327 16948 25 130 -141 5 -105 44 -170 -103 24 -21 -11 -292 -67 -655 -307 -291 -43 107 313 396 173 126 17256 14162 17952 9666 12082 15655 203 22 294 329 1050 530 1604 327 277 134 -159 580 94 93 297 92 89 241 120 2084 130 806 -308 -813 569 193 134 30 -59 31 1099 844 96 283 725 59 211 380 1481 -92 444 1011 289 287 611 1155 685 313 -75 6 966 213 20 1 
74 49 -10 -81 -141 -571 74 -66 21 497 52 -1040 -511 66 35 278 56 -109 65812 77 338 -28 98 -81 292 200 -296 -66 -70 3 -504 -172 -1071 -585 -578 -363 282 609 -398 -433 -211 20719 23159 35344 30045 40054 16136 222 -24 243 193 1096 -10 1156 -169 504 380 652 1128 380 133 197 289 137 21 253 3144 169 641 -592 -659 853 461 -701 324 267 264 430 1219 479 278 391 232 229 927 1061 162 1635 1184 468 557 274 937 437 821 -112 102 800 56 52 1 
-278 -183 -76 159 -100 -340 515 -136 153 -17 -130 -867 -222 174 68 361 -139 -266 53650 53 5 -50 100 -100 316 -115 -207 136 -53 11 -207 44 -793 -364 -636 -334 106 310 -337 -301 -204 14312 14345 17000 23098 34234 23163 201 -71 195 275 2297 399 710 -390 195 180 2 467 438 5 133 71 -115 38 307 2436 82 402 -663 -680 932 195 -586 -82 136 11 577 710 334 79 639 1338 257 683 888 -41 1311 1080 592 769 180 319 361 500 -85 85 595 -50 26 1 
-109 -133 -202 71 -160 -204 -95 -118 -140 26 -61 -264 -239 -86 -39 21 -44 -87 9667 -700 -535 -5 4 -63 -22 -70 -42 -8 -18 -10 -153 -45 -1701 -1266 -1354 -1159 22 703 44 -24 -48 3941 8194 14322 8996 16501 15317 121 -59 85 92 1137 631 403 -24 97 179 -125 149 34 123 129 542 170 584 153 1533 37 452 -323 -211 1148 -64 -166 -37 -25 42 1353 532 17 622 648 15 16 612 934 52 219 2105 962 845 640 2645 613 158 -8 -11 975 240 42 0 
-8 89 34 -101 -304 -480 28 -62 37 248 293 -624 -413 -90 -340 262 -101 -49 22715 -25 65 -60 -33 -138 25 -136 -87 206 -61 -5 -207 35 -730 -314 -198 -3 212 423 8 -136 -149 13763 12461 17475 21012 24280 16855 55 47 216 106 1907 84 1216 76 244 387 189 738 317 57 192 783 -11 75 185 1701 -174 742 -1138 -615 181 -7 -480 80 -21 101 448 887 -34 3 285 125 126 149 1082 -160 1056 541 83 244 192 654 481 325 -69 -38 509 167 -5 0 
-221 -239 -81 61 -122 -87 219 -148 235 29 -174 -690 -116 11 259 -25 -132 -223 34538 11 -11 -211 -21 -162 -41 -154 -49 -146 47 -177 -217 27 -472 -247 -452 -100 136 245 -92 -270 -162 10552 10398 14839 16267 20689 7837 191 -211 90 154 741 -31 682 11 217 -49 164 395 33 57 27 39 -49 43 176 636 -65 -3 -688 -1309 367 -257 -630 0 -41 71 142 504 -33 -29 330 19 -59 172 375 -290 615 411 156 545 164 543 138 709 29 -130 302 65 79 0 
-72 -88 -63 70 -108 -261 64 -61 -13 114 -17 -74 -128 -133 -254 220 57 -47 31336 -263 135 -78 -31 -177 124 -157 -31 161 -112 -33 -265 0 -943 -588 -653 -273 305 882 -198 -230 -265 14439 10129 1360 651 8947 35732 330 194 496 61 669 752 730 39 204 163 -206 297 76 11 238 277 -59 3 112 1680 59 478 -527 -309 842 -488 84 175 -112 102 1435 1016 116 527 874 55 86 149 1561 100 275 482 200 338 466 1404 1055 352 -57 55 687 354 0 0 
88 -155 85 378 -460 -565 896 -381 139 -12 321 -2081 -591 -85 371 419 -219 -654 50150 190 98 -79 22 -111 -76 -174 -241 85 -232 -165 -483 60 -924 -451 -181 -177 371 1277 3709 2994 3318 16022 15997 27783 7380 12847 10838 28 -9 174 4252 12392 28 2342 6 -149 689 181 1497 1137 143 734 1535 136 123 632 3594 -60 1493 -1802 -1465 734 -820 -2329 -162 174 38 657 1474 -143 219 1675 909 146 956 753 -203 1713 1265 928 1071 114 1255 1176 905 -79 -38 1795 766 187 0 
-150 -72 -124 248 -602 -612 -183 -144 88 -81 75 -609 -595 -88 -376 36 -75 -333 54918 -124 239 -19 -19 -117 55 49 9 -22 -36 -114 -281 3 -838 -474 -484 -265 196 703 -297 -356 -402 10491 12462 14695 30540 45704 41722 166 39 383 147 1136 225 776 -271 16 242 -203 337 379 242 307 1254 248 55 39 3228 65 936 -543 -360 1247 -19 65 62 330 16 1155 723 140 546 58 -16 173 1074 1132 209 478 1810 576 743 232 1601 582 150 -65 65 746 350 -19 0 
-97 -53 25 237 -109 -421 695 -122 153 406 7 -682 -255 79 -17 166 40 -150 43857 -130 104 45 25 -56 -30 -56 -194 17 -168 -25 -260 -66 -1640 -677 -1011 -1063 -56 329 -237 -332 -288 7308 6733 9710 10091 25491 23970 91 -25 155 153 569 -22 968 -79 168 -99 -125 183 523 150 258 183 89 15 189 2133 12 324 -603 -753 779 255 -1050 178 94 53 488 1073 2 194 -398 258 2 626 1280 5 1346 896 472 206 148 666 503 229 -35 20 631 189 53 0 
-93 -87 180 -60 -350 -1216 -10 -285 82 345 597 -986 -734 0 -350 290 -104 -93 97183 -175 427 -131 257 137 137 -87 -372 460 -38 -43 -663 -104 -2186 -1227 -1030 -263 230 657 -147 -285 -38 11510 8994 26380 15127 28331 14930 104 -295 120 285 591 -54 1342 -317 115 -10 -104 696 372 274 317 224 213 76 312 3195 -32 1057 -1748 -1496 701 175 -1003 49 -186 87 564 1545 400 268 350 131 208 833 2493 -142 2455 1183 789 597 71 1353 827 696 38 -131 663 87 158 0 
-273 -341 -18 353 -159 -224 512 -334 -3 478 68 -1256 -140 -140 -227 34 254 -353 63747 -15 273 167 121 -375 56 -41 -311 -53 -11 -163 -45 -3 -542 -410 -265 -356 -75 334 -318 -1302 -611 15602 14250 20751 16016 21571 8912 117 -174 231 -75 527 -1423 725 -280 337 -254 292 596 330 72 -64 -83 -262 -53 356 1283 197 402 -1268 -1636 72 -79 -1146 -140 -212 0 -3 911 34 -144 550 87 7 140 497 26 1150 292 37 577 72 56 637 1123 -49 -30 516 79 18 0 
-215 -357 89 362 -572 -935 436 -409 683 21 -15 -1833 -893 -194 1481 656 -99 -520 88278 110 304 -257 42 -173 173 -168 -294 42 5 -26 -556 -105 -1550 -504 -719 -283 273 1791 1287 346 346 13699 14108 20461 15942 18585 6747 168 -168 189 2790 9511 173 1944 457 105 599 -84 1481 846 162 814 289 -246 15 588 3378 199 1350 -2017 -1602 178 -367 -772 -304 -136 262 1040 1823 210 194 399 541 136 740 1628 252 2485 1166 788 625 110 1371 630 551 -105 -189 756 325 246 0 
-291 -116 -68 44 -193 -340 598 -92 -6 -28 -33 -479 -580 -137 65 183 20 -629 8562 -834 -388 -62 21 -300 46 -189 -143 -11 -44 -21 -326 5 -1877 -1964 -2078 -1628 165 551 22 -261 -137 17455 9965 15202 12980 16886 14342 378 38 281 436 2223 432 930 -28 287 268 -84 800 162 25 151 114 -175 32 69 2500 64 861 -785 -1216 414 143 -895 0 26 132 1026 1080 66 380 1462 -45 -17 92 1539 -197 418 673 232 671 241 993 581 335 -109 -17 629 206 -29 0 
-343 -131 -119 232 -31 -251 -248 -38 -136 -4 -39 -160 -198 -153 -167 -246 175 25 21747 -940 -350 -53 -29 -90 -86 -146 -173 307 -4 -151 -316 -32 -3609 -1732 -2431 -1741 19 451 166 300 631 11937 9920 16206 13500 14493 16740 97 -51 113 464 2184 481 630 -26 418 391 -35 633 373 208 540 161 197 79 154 1243 235 766 -123 400 1099 787 938 644 1555 3498 3162 3349 4205 227 791 -53 -327 73 949 -163 234 298 173 540 363 747 909 455 120 66 333 126 119 0 
-31 -73 83 196 -107 -146 -101 -133 -103 39 -5 -232 -165 0 -126 123 -71 -198 22662 -69 18 -54 73 -78 -11 -2 -177 -79 38 -73 -157 -51 -391 -226 -127 -30 81 220 -125 -154 -220 9969 12821 12924 18070 23142 19047 141 18 223 161 815 275 597 -106 -25 94 -192 254 219 3 149 19 70 142 224 1151 15 484 -47 71 813 224 -54 138 214 159 600 496 218 130 372 83 -63 210 931 155 666 582 380 338 232 733 323 97 -22 49 413 163 82 0 
-27 -281 148 46 -109 -125 -223 -183 35 183 -219 -614 -258 -156 -31 -293 -101 -356 63252 93 58 15 15 164 78 66 -23 74 -70 -27 -215 -70 -501 -454 -391 -258 39 203 207 -129 -195 1859 2681 10764 880 1863 16644 11 -109 152 199 22727 82 951 27 0 301 -129 125 215 97 144 -78 156 234 121 810 -50 250 -508 -422 305 266 -775 -62 -7 19 207 293 -117 250 15 31 3 66 587 -78 438 246 133 121 23 176 344 673 -93 -113 137 39 -11 0 
-78 -145 113 -4 -233 -196 392 -214 6 129 -50 -547 -138 60 205 -41 -53 -235 43922 -34 143 -164 -9 13 -16 -6 -83 -48 -201 -120 -71 30 -582 -242 -471 -383 64 302 -104 -376 -284 16115 16550 22293 19987 26010 9570 129 -117 201 25 1169 64 210 -97 145 214 -337 87 -9 32 13 94 -124 46 -97 561 -53 182 -346 -360 150 309 -173 -104 55 53 820 547 71 -13 -115 -20 -20 150 429 -219 413 425 138 46 92 381 124 429 -34 -27 395 60 25 0 
42 -381 116 -370 -179 -518 -1005 -444 264 338 709 -1958 -518 -497 582 74 -476 -793 195564 211 169 -52 201 328 550 -370 -63 -391 412 -232 -359 -84 -2138 -688 -476 -741 656 635 1386 561 -497 6902 6997 9856 17827 40906 22369 84 -455 -423 762 -1122 158 4096 -84 -190 254 148 772 868 -328 815 688 -624 42 264 3504 201 550 -1259 -2773 1153 -254 -741 169 179 42 529 1619 243 338 -772 0 -211 2064 1206 -254 1842 1206 508 645 264 1228 582 1535 95 31 455 264 0 0 
-167 25 -16 -318 -746 -394 251 -528 310 268 486 -1953 0 -226 1006 620 578 -1349 162897 -578 435 -251 -394 -402 469 -268 -192 67 16 108 -184 -226 -1458 -410 -561 -653 67 108 2020 1425 268 13355 19660 16415 21009 32428 39445 25 217 1349 3898 6606 2414 5122 427 1408 1056 100 117 670 234 -368 1031 -335 -67 377 2414 -201 1324 -695 -1676 1542 519 922 75 285 519 142 1886 855 301 1391 1970 192 687 762 -285 1098 897 821 947 335 846 612 -293 192 -92 637 8 -276 0 
-120 80 106 77 -226 -234 338 -117 -58 162 296 -477 -205 -205 -114 -72 -104 -101 49612 -157 29 -149 -104 -189 -178 -194 -189 173 -50 -152 -245 10 -859 -362 -392 -341 90 475 29 282 -16 12484 16260 24998 23442 33130 12722 136 -32 245 120 1478 114 835 -240 453 45 -197 341 483 80 133 18 141 157 141 1694 106 547 -413 -427 709 -66 -683 -34 -40 152 483 717 354 162 261 -13 -29 539 955 53 776 1265 507 346 226 835 581 266 176 29 408 208 42 0 
-57 -272 190 214 -536 -274 -310 -157 283 174 -263 -579 -190 -195 176 253 -176 -391 53375 146 -179 119 -8 78 35 -54 -27 -244 -8 -214 -198 -84 -617 -266 -380 -225 46 348 -141 -103 -100 9905 11815 10923 24347 30674 26184 225 -87 84 62 579 533 933 -133 269 146 283 748 84 -190 -57 10 -171 40 100 2073 -106 304 -476 -1412 476 -78 -187 40 -29 114 587 666 130 155 489 141 -57 239 484 -247 966 429 204 87 242 408 209 -250 -59 -78 185 21 -2 0 
-159 135 362 270 -594 -599 -159 -386 62 246 527 -1180 -386 67 -681 -9 19 -609 79516 116 96 -96 -19 -120 -154 -48 -154 77 -159 -72 -551 -203 -1296 -454 -759 -1905 449 532 2099 1359 3482 22820 18355 36561 27376 38844 27690 82 -72 551 2055 10805 -174 1460 -101 372 140 19 628 357 207 222 440 -14 -72 140 1992 -33 918 -1634 -914 348 149 -2200 -154 -4 4 788 1039 498 91 -154 -43 62 299 643 -125 1538 619 87 353 101 561 469 860 91 169 1097 -91 -372 0 
-143 -49 -126 59 -17 -98 199 -237 162 115 216 -329 79 -44 -107 494 -25 -145 39539 94 57 38 -29 -42 40 4 -107 32 -49 -34 -261 -62 -469 -299 -248 -237 4 293 -164 -404 -276 8437 9586 11654 25071 37417 25380 137 77 306 951 26016 -132 424 -235 109 74 -147 62 267 64 85 111 -145 14 89 1583 102 332 -51 55 518 79 -437 119 85 83 89 653 77 100 707 57 128 179 516 156 569 422 374 432 162 681 409 610 -2 -49 524 209 194 0 
216 -40 -2 -58 -307 -329 153 -115 13 182 316 -918 -530 -361 -568 15 -160 -293 37634 -205 343 -31 101 -180 139 -232 -146 169 -45 -203 -331 -54 -977 -442 -489 -410 51 702 -270 -237 -137 15064 15394 28847 28335 31987 22314 56 -392 27 38 230 97 1988 -58 178 474 609 1266 40 97 83 155 -94 117 -146 3079 -216 668 -1643 -810 331 63 -957 -221 -20 151 681 1144 311 347 995 -130 -33 451 634 -329 1709 833 607 690 151 1063 711 571 65 -20 216 81 24 0 
-13 3 -27 11 -182 -507 -77 -94 -59 259 252 -636 -297 -11 -176 -32 -150 -196 27570 -66 162 -16 -11 -67 35 -23 -106 -6 -55 -54 -272 -35 -430 -206 -111 -108 -44 206 -94 -145 -30 10603 13847 19642 15873 23026 17229 150 -23 184 184 760 11 1257 -66 607 506 130 773 272 -40 45 69 -55 52 118 1733 -164 572 -1100 -631 262 223 -946 -60 77 11 86 915 72 140 661 132 71 113 751 -96 1059 458 110 155 45 555 255 297 -20 44 353 -64 50 0 
-58 -11 -37 -46 -63 -342 -71 -108 -31 202 7 -361 -339 -24 1 136 -63 -234 35868 -43 18 -7 18 -103 52 33 -80 5 -28 -97 -168 33 -768 -479 -458 -230 125 421 -127 -269 -331 10034 7728 11362 31207 36431 24724 200 129 258 104 889 213 556 -142 138 -1 -299 290 348 -16 172 384 31 63 99 2172 -18 606 -623 -177 1090 48 -324 119 222 136 1120 620 194 329 541 63 256 706 1343 33 1127 754 404 262 202 812 320 412 -52 35 522 277 211 0 
-58 -54 -58 215 -159 -314 -662 -118 9 22 -197 -544 -91 -169 54 217 -89 -288 11888 44 79 -1 -2 -117 -36 -128 -94 -39 4 -41 -260 23 -466 -212 -231 -75 228 1007 1711 989 1253 18768 11829 15074 14365 16457 14275 334 12 273 2129 5089 871 1430 242 347 409 115 542 -101 68 251 364 254 216 170 2200 89 469 -472 -496 985 -14 133 -77 -46 113 1359 876 104 457 679 7 92 858 2536 -82 593 1390 870 809 440 1234 602 391 -106 10 1257 182 -34 0 
-101 -123 41 14 -353 -174 95 -185 26 86 -114 -577 -16 -55 37 -43 -34 -414 24775 -19 153 -88 -2 2 1 -68 -194 97 13 -113 -149 -29 -429 -186 -292 -173 25 237 -11 -438 52 9996 8943 16968 18493 23462 13793 98 -49 125 110 1258 76 1095 -162 259 153 147 686 207 -38 26 16 19 10 88 1465 -40 444 -605 -594 317 117 -467 38 114 122 207 1096 113 89 350 191 59 44 467 -94 804 208 229 494 111 592 255 276 -89 -43 304 207 46 0 
-403 -414 -274 179 -403 -786 -335 -503 450 -33 607 -1668 -629 16 271 86 -145 -400 45370 47 431 -190 -30 95 -19 -274 -397 -288 -226 -81 -470 -13 -901 -324 -293 69 89 702 -167 -495 -36 10879 9412 12253 27830 45913 33584 433 -58 137 657 3740 11 1898 -50 218 -5 -19 1215 324 81 327 531 8 50 526 4658 349 783 -1542 -2178 697 -22 -1075 -305 137 159 604 2077 -2 243 1136 251 145 677 1156 -481 1475 1374 579 369 201 1052 921 313 -229 -120 1019 324 190 0 
-92 -24 -37 147 -243 -144 852 -30 175 264 274 -570 -326 -109 -415 164 -75 -96 56228 96 -27 -137 171 -316 -30 -79 -316 61 -106 -243 -261 -79 -563 -247 -237 -285 58 96 116 3 130 10711 17158 25144 11144 18563 10206 333 82 -58 515 2982 -945 993 37 72 68 85 518 -13 72 41 106 -120 -82 305 1515 58 587 -422 -1316 -3 364 -415 -27 41 51 274 659 127 54 219 48 48 -54 948 -175 707 274 44 137 206 347 195 549 -79 -178 639 65 48 0 
56 -66 15 -13 -163 -277 576 -172 54 100 221 -649 -242 -127 266 224 -62 -125 24758 -154 28 -133 95 -216 -118 -42 -110 -175 -45 18 -468 -36 -777 -333 -438 -389 128 849 624 145 150 10643 9230 18039 12281 22667 20083 147 65 77 11377 14589 445 1652 142 353 426 406 700 244 3 236 194 -27 45 150 1793 -3 269 -953 -777 318 -81 -562 30 56 172 300 1539 110 233 398 109 77 392 1266 -110 647 732 307 277 175 694 462 329 -53 -12 263 37 162 0 
-492 -338 -300 260 -350 -587 -414 -296 41 335 -205 -471 -165 -248 415 411 16 -586 8806 -1088 -308 -99 -31 -145 -111 -254 -163 -81 -63 -80 -470 -21 -2828 -2385 -2612 -1948 159 605 872 307 474 10253 7448 13088 15104 18727 17680 219 65 128 645 1772 419 1359 -383 240 193 -435 568 158 -44 257 278 37 353 350 3507 127 1303 -752 -767 1851 -455 202 27 -50 87 1777 1765 102 726 2125 368 81 677 2272 -181 643 1909 578 1042 479 3986 960 485 -141 -1 1097 248 42 0 
31 -102 -17 161 -191 -253 72 -174 49 -11 -39 -390 -320 -118 95 119 -13 -131 11392 -69 157 -83 7 -76 -32 -35 -82 -22 -37 -26 -291 -25 -459 -186 -189 -43 184 1021 -103 -216 -289 15828 9821 12177 11523 13598 11972 152 -68 260 2048 4594 1020 361 152 270 162 -118 233 72 160 303 287 134 93 138 1724 90 585 -414 -275 443 34 -157 -8 -106 36 472 588 -16 262 894 171 278 382 1815 -136 430 936 440 433 262 1115 514 169 -72 -33 526 103 -31 0 
-197 -27 -34 152 -119 -262 430 -130 161 -47 -74 -297 -233 35 100 158 -76 -238 17992 -33 178 43 52 -40 87 -32 -101 -2 -10 -22 -147 -35 -360 -141 -115 -122 34 170 -144 -287 -187 14876 15077 16161 17027 22233 15607 113 14 115 109 1172 102 211 -71 48 19 -6 231 192 102 114 8 98 52 37 1371 -13 441 -472 -358 350 -10 -109 95 40 88 294 416 33 82 355 91 193 102 652 -11 377 416 236 223 53 442 293 112 56 -13 325 39 46 0 
-161 -84 -62 131 -326 -284 -29 -192 -63 8 91 -276 4 -152 -176 252 -152 -292 24413 -59 154 -80 -47 -77 99 -72 -142 2 -18 -49 -152 -6 -455 -372 -224 181 183 602 -97 -288 -188 15682 16378 16841 25578 32016 25441 308 91 284 23 662 241 558 -56 131 -13 -162 308 179 84 181 205 84 73 109 2080 65 331 -669 -305 1002 187 -330 169 238 173 1246 975 173 541 748 117 138 623 1063 -22 607 1259 471 377 316 1497 376 401 1 31 1056 215 167 0 
-5 -16 124 23 81 -217 -269 -39 108 215 18 -383 -246 76 -126 -130 170 -121 30540 -3 30 123 56 -59 -9 -74 -173 -123 -14 -14 -137 -38 -260 -248 -191 -258 39 197 -52 -262 -267 8657 10091 11371 14768 22531 13113 48 -63 -21 -106 -177 -650 262 -170 36 9 -30 74 164 114 99 114 -65 43 170 974 95 336 -135 132 400 304 128 202 228 239 213 874 161 224 135 -30 -61 191 568 7 689 436 220 246 119 199 463 394 39 68 202 99 -30 0 
-89 -28 97 96 -112 -249 27 -66 5 70 207 -423 -262 -41 99 145 -41 -56 15230 -56 81 -68 -22 -121 29 -114 -63 -38 12 -38 -210 -36 -437 -208 -158 -97 103 353 -85 -170 -28 14385 11419 15213 14265 18676 13073 79 -24 31 149 1538 334 494 8 228 160 101 110 275 33 141 47 24 -18 65 1743 -27 379 -647 -538 327 73 -548 -57 181 530 349 792 19 115 867 8 171 177 1496 -109 694 297 170 221 73 681 299 256 -71 -19 358 48 91 0 
-45 -36 38 107 -73 -206 165 -44 -1 34 -17 -214 -205 -73 -33 112 -31 -23 11662 -86 76 -24 12 -84 -63 -28 -54 30 -34 -62 -180 -1 -428 -294 -323 -274 54 315 3217 2199 4778 13261 12637 15314 16386 19054 15943 134 7 133 9930 9029 382 1117 90 308 286 266 628 182 48 107 65 85 20 20 1001 -21 278 -311 -204 246 -14 -222 -8 73 52 584 448 3 153 607 92 48 131 695 -21 150 585 122 360 100 626 439 174 32 -13 358 113 -29 0 
-101 -80 22 170 -95 -258 -494 -78 43 -136 -210 -505 -554 -253 -102 120 53 -175 17253 -41 159 -48 33 -46 59 -28 -32 78 3 -41 -275 -34 -536 -240 -272 -333 134 491 -103 -303 -398 12840 11579 15579 14310 18299 16158 171 44 93 139 642 358 501 -23 100 18 -114 425 111 23 111 2033 -63 484 135 2626 86 379 -580 -304 1312 -305 -76 -77 -43 83 1304 742 106 378 550 152 136 1263 1910 -107 365 1121 575 507 445 1480 656 469 -63 29 1123 178 75 0 
12 -91 218 374 -344 34 -1231 -229 136 -462 -530 -1235 -101 -289 905 775 -224 -721 25696 -94 64 -162 -53 -142 531 -330 -109 -231 -46 -61 -516 -116 -1513 -509 -613 -337 349 1025 586 1077 -224 20565 12041 20676 21310 25858 29145 399 113 497 1539 3632 1781 3343 -54 708 1656 693 1134 397 23 58 184 396 466 222 4674 131 1146 -751 -1572 2310 -887 388 -229 105 43 1607 932 116 924 1331 8 -2 3138 1401 -23 1144 2596 2131 645 961 5371 468 -251 -80 -35 954 200 -5 0 
-59 -85 49 366 -617 -425 548 -194 -52 234 39 -865 -432 -26 105 316 -49 -168 64585 141 340 59 33 6 254 -95 -363 -175 -178 -6 -442 -85 -660 -293 -386 -640 -62 808 29 -148 -79 10566 11933 13128 19527 27214 24886 267 -128 151 26 610 412 828 254 554 267 184 680 26 52 -175 23 19 -115 141 1532 -52 458 -1043 -1218 693 -52 -257 -112 270 175 128 280 59 148 -2383 234 3 254 752 -224 366 356 343 112 -33 508 544 33 -33 23 310 23 13 0 
